主站->子站: EE EF DD AC 00 00 04 13 89 00 00 
主站->子站: EE EF DD AC 00 01 04 13 89 00 00 
主站->子站: EE EF DD AC 00 02 04 13 89 00 00 
主站->子站: EE EF DD AC 00 03 01 32 66 36 64 66 61 36 62 37 66 38 34 64 33 38 63 39 35 66 39 33 65 30 62 31 36 39 35 38 65 32 63 65 64 35 33 30 35 33 34 38 62 62 66 63 66 32 34 31 62 32 31 33 63 33 65 61 62 39 64 36 66 37 66 65 33 31 30 38 33 30 32 38 37 33 64 61 32 39 39 37 64 33 66 62 36 38 64 36 34 30 39 33 62 61 65 37 65 64 66 63 62 38 32 30 36 30 38 61 63 32 31 33 4c 
主站->子站: EE EF DD AC 00 04 04 13 89 00 00 
主站->子站: EE EF DD AC 00 05 04 13 89 00 00 
主站->子站: EE EF DD AC 00 06 04 13 89 00 00 
子站->主站: EE EF DD AC 00 07 01 35 34 61 62 39 64 65 33 37 39 30 39 64 33 66 32 32 37 37 32 32 36 36 38 34 63 66 39 64 31 35 36 65 31 64 33 36 37 32 65 37 65 62 30 62 31 39 38 38 62 65 32 39 32 31 33 38 35 37 39 64 61 66 61 61 36 34 63 61 64 32 36 38 62 63 39 32 31 39 33 35 31 61 30 39 31 32 62 36 65 66 61 66 62 37 65 33 37 66 35 33 36 62 39 35 33 65 38 36 61 35 39 62 4c 
主站->子站: EE EF DD AC 00 08 04 13 89 00 00 
主站->子站: EE EF DD AC 00 09 04 13 89 00 00 
主站->子站: EE EF DD AC 00 0a 01 00 01 
主站->子站: EE EF DD AC 00 0b 04 13 89 00 00 
主站->子站: EE EF DD AC 00 0c 04 13 89 00 00 
主站->子站: EE EF DD AC 00 0d 04 13 89 00 00 
子站->主站: EE EF DD AC 00 0e 02 17 f5 5a a9 24 af f3 6c 57 cd 5b ea 0d 02 5a 7e
主站->子站: EE EF DD AC 00 0f 04 13 89 00 00 
主站->子站: EE EF DD AC 00 10 04 13 89 00 00 
主站->子站: EE EF DD AC 00 11 02 93 1f 1b be b1 e0 c9 0e d5 11 26 4b f8 43 89 41 6e 0e 58 d1 8f 95 2c 3b d6 a9 5c 85 21 d2 00 d6 96 45 4a 67 8d bd 50 31 3a 19 0b 9e 24 85 8f 4b
主站->子站: EE EF DD AC 00 12 04 13 89 00 00 
主站->子站: EE EF DD AC 00 13 04 13 89 00 00 
主站->子站: EE EF DD AC 00 14 04 13 89 00 00 
